0                  20
1                  39
2                  77
3                 153
4                 305
5                 609
6               1,217
7               2,433
8               4,865
9               9,729
10             19,457
11             38,913
12             77,825
13            155,649
14            311,297
15            622,593
16          1,245,185
17          2,490,369
18          4,980,737
19          9,961,473
20         19,922,945
21         39,845,889
22         79,691,777
23        159,383,553
24        318,767,105
25        637,534,209
26      1,275,068,417
27      2,550,136,833
28      5,100,273,665
29     10,200,547,329
30     20,401,094,657
31     40,802,189,313
32     81,604,378,625
33    163,208,757,249
34    326,417,514,497
35    652,835,028,993
36  1,305,670,057,985
37  2,611,340,115,969
38  5,222,680,231,937
39 10,445,360,463,873
40 20,890,720,927,745
